<?xml version="1.0" encoding="UTF-8" standalone="no"?>
<!DOCTYPE svg PUBLIC "-//W3C//DTD SVG 20010904//EN"
              "http://www.w3.org/TR/2001/REC-SVG-20010904/DTD/svg10.dtd">

<svg xmlns="http://www.w3.org/2000/svg"
     width="6.4in" height="3.6in"
     viewBox="0 0 1920 1080">
  <path id="Selection"
        fill="none" stroke="black" stroke-width="1"
        d="M 787.00,328.00
           C 791.11,320.33 798.37,313.60 805.00,308.08
             821.27,294.55 837.50,286.27 858.00,281.13
             880.29,275.53 893.45,275.74 916.00,276.00
             922.73,276.08 934.25,277.86 941.00,279.20
             977.94,286.54 1007.87,305.68 1027.94,338.00
             1045.03,365.53 1051.89,397.08 1054.09,429.00
             1054.09,429.00 1055.00,441.00 1055.00,441.00
             1055.00,441.00 1055.00,487.00 1055.00,487.00
             1055.00,487.00 1055.00,686.00 1055.00,686.00
             1055.00,686.00 940.00,686.00 940.00,686.00
             940.00,686.00 940.00,447.00 940.00,447.00
             939.96,419.49 928.14,390.17 902.00,377.89
             888.48,371.54 877.58,370.83 863.00,371.00
             856.74,371.08 847.97,372.73 842.00,374.67
             806.31,386.31 792.37,414.78 789.91,450.00
             789.91,450.00 789.00,462.00 789.00,462.00
             789.00,462.00 789.00,686.00 789.00,686.00
             789.00,686.00 675.00,686.00 675.00,686.00
             675.00,686.00 675.00,284.00 675.00,284.00
             675.00,284.00 786.00,284.00 786.00,284.00
             786.00,284.00 786.00,311.00 786.00,311.00
             786.00,311.00 787.00,328.00 787.00,328.00 Z
           M 1173.00,479.00
           C 1160.60,470.90 1152.86,466.38 1143.75,454.00
             1116.40,416.80 1121.94,365.26 1151.30,331.00
             1163.40,316.88 1180.39,306.30 1197.00,298.26
             1224.99,284.71 1256.23,279.06 1287.00,276.91
             1287.00,276.91 1299.00,276.00 1299.00,276.00
             1299.00,276.00 1335.00,276.00 1335.00,276.00
             1335.00,276.00 1347.00,276.91 1347.00,276.91
             1371.71,278.61 1395.93,282.36 1420.00,288.37
             1420.00,288.37 1464.00,303.00 1464.00,303.00
             1464.00,303.00 1452.05,337.00 1452.05,337.00
             1452.05,337.00 1433.00,389.00 1433.00,389.00
             1433.00,389.00 1417.00,383.05 1417.00,383.05
             1417.00,383.05 1386.00,373.37 1386.00,373.37
             1357.53,366.26 1338.78,365.96 1310.00,366.00
             1310.00,366.00 1297.00,367.00 1297.00,367.00
             1275.83,368.84 1243.09,378.07 1242.04,404.00
             1240.98,430.11 1265.02,438.97 1287.00,439.00
             1287.00,439.00 1405.00,439.00 1405.00,439.00
             1405.00,439.00 1405.00,527.00 1405.00,527.00
             1405.00,527.00 1279.00,527.00 1279.00,527.00
             1259.27,527.03 1232.45,533.17 1226.49,555.00
             1225.66,558.02 1224.95,561.88 1225.18,565.00
             1226.12,577.36 1234.57,586.54 1245.00,592.33
             1260.90,601.17 1282.04,603.79 1300.00,604.00
             1300.00,604.00 1314.00,604.98 1314.00,604.98
             1314.00,604.98 1330.00,604.00 1330.00,604.00
             1351.09,603.75 1384.97,595.44 1405.00,588.31
             1405.00,588.31 1426.00,579.74 1426.00,579.74
             1426.00,579.74 1443.00,571.00 1443.00,571.00
             1443.00,571.00 1467.80,632.00 1467.80,632.00
             1467.80,632.00 1477.00,656.00 1477.00,656.00
             1454.80,669.32 1429.98,677.13 1405.00,683.37
             1361.08,694.35 1328.55,694.52 1284.00,694.00
             1284.00,694.00 1274.00,693.09 1274.00,693.09
             1237.78,690.56 1200.01,683.00 1168.00,665.14
             1149.95,655.07 1134.13,641.92 1123.45,624.00
             1100.97,586.28 1105.62,534.41 1137.01,503.01
             1147.18,492.85 1159.83,484.67 1173.00,479.00 Z
           M 1504.00,686.00
           C 1504.00,686.00 1504.00,505.00 1504.00,505.00
             1504.00,505.00 1504.00,466.00 1504.00,466.00
             1504.00,466.00 1505.04,454.00 1505.04,454.00
             1505.04,454.00 1505.04,444.00 1505.04,444.00
             1509.04,403.35 1522.96,360.78 1552.01,331.00
             1581.19,301.10 1614.08,285.65 1655.00,278.92
             1655.00,278.92 1681.00,276.00 1681.00,276.00
             1681.00,276.00 1711.00,276.00 1711.00,276.00
             1711.00,276.00 1721.00,276.92 1721.00,276.92
             1752.70,279.45 1787.84,290.44 1814.00,308.72
             1855.94,338.03 1879.16,382.87 1885.15,433.00
             1885.15,433.00 1887.00,453.00 1887.00,453.00
             1887.00,453.00 1887.00,686.00 1887.00,686.00
             1887.00,686.00 1773.00,686.00 1773.00,686.00
             1773.00,686.00 1773.00,598.00 1773.00,598.00
             1773.00,598.00 1617.00,598.00 1617.00,598.00
             1617.00,598.00 1617.00,686.00 1617.00,686.00
             1617.00,686.00 1504.00,686.00 1504.00,686.00 Z
           M 39.00,284.00
           C 39.00,284.00 153.00,284.00 153.00,284.00
             153.00,284.00 153.00,595.00 153.00,595.00
             153.00,595.00 345.00,595.00 345.00,595.00
             345.00,595.00 345.00,686.00 345.00,686.00
             345.00,686.00 39.00,686.00 39.00,686.00
             39.00,686.00 39.00,284.00 39.00,284.00 Z
           M 370.00,284.00
           C 370.00,284.00 615.00,284.00 615.00,284.00
             615.00,284.00 615.00,372.00 615.00,372.00
             615.00,372.00 550.00,372.00 550.00,372.00
             550.00,372.00 550.00,598.00 550.00,598.00
             550.00,598.00 615.00,598.00 615.00,598.00
             615.00,598.00 615.00,686.00 615.00,686.00
             615.00,686.00 370.00,686.00 370.00,686.00
             370.00,686.00 370.00,598.00 370.00,598.00
             370.00,598.00 435.00,598.00 435.00,598.00
             435.00,598.00 435.00,372.00 435.00,372.00
             435.00,372.00 370.00,372.00 370.00,372.00
             370.00,372.00 370.00,284.00 370.00,284.00 Z
           M 1773.00,509.00
           C 1773.00,479.01 1776.53,434.42 1762.51,408.00
             1749.71,383.86 1725.94,371.04 1699.00,371.00
             1699.00,371.00 1689.00,371.00 1689.00,371.00
             1666.53,371.27 1644.42,382.38 1631.75,401.00
             1616.82,422.93 1617.00,448.67 1617.00,474.00
             1617.00,474.00 1617.00,509.00 1617.00,509.00
             1617.00,509.00 1773.00,509.00 1773.00,509.00 Z" />
</svg>
